Groups and Datasets:
data
<KeysViewHDF5 []>
data/I_gt
(8096,)
int64
[ 4  7  7 ...  0 -1  1]
data/P
(8096, 3)
float64
[[-0.0173443 -0.159168  -0.0461421]
 [-0.0406733 -0.0399805 -0.754251 ]
 [-0.0449959 -0.188817  -0.333917 ]
 ...
 [-0.0171542  0.200625   0.665226 ]
 [ 0.114432  -0.185153  -0.734732 ]
 [ 0.0912096  0.167196  -0.23781  ]]
data/P_gt
(24, 512, 3)
float64
[[[ 0.0557589   0.202297    0.959086  ]
  [ 0.0406764   0.202297    0.913683  ]
  [-0.0289995   0.202297   -0.559524  ]
  ...
  [ 0.111088    0.202297   -0.867964  ]
  [ 0.0630607   0.202297   -0.878157  ]
  [ 0.0867133   0.202297   -0.898307  ]]

 [[ 0.0788839   0.174807   -0.161854  ]
  [ 0.0914699   0.174807    0.336007  ]
  [ 0.0152654   0.174807    0.658391  ]
  ...
  [ 0.0689931   0.174807   -0.469618  ]
  [ 0.0947967   0.174807   -0.0198269 ]
  [ 0.010933    0.174807   -0.163592  ]]

 [[-0.0229408   0.164412    0.635544  ]
  [-0.0223286   0.165435   -0.242505  ]
  [-0.00964796  0.174316   -0.510506  ]
  ...
  [-0.0244498   0.161023   -0.146567  ]
  [-0.00745509  0.174682    0.208928  ]
  [-0.0249288   0.159392    0.355803  ]]

 ...

 [[ 0.          0.          0.        ]
  [ 0.          0.          0.        ]
  [ 0.          0.          0.        ]
  ...
  [ 0.          0.          0.        ]
  [ 0.          0.          0.        ]
  [ 0.          0.          0.        ]]

 [[ 0.          0.          0.        ]
  [ 0.          0.          0.        ]
  [ 0.          0.          0.        ]
  ...
  [ 0.          0.          0.        ]
  [ 0.          0.          0.        ]
  [ 0.          0.          0.        ]]

 [[ 0.          0.          0.        ]
  [ 0.          0.          0.        ]
  [ 0.          0.          0.        ]
  ...
  [ 0.          0.          0.        ]
  [ 0.          0.          0.        ]
  [ 0.          0.          0.        ]]]
data/T_gt
(24,)
int64
[1 1 2 1 2 1 1 1 0 0 0 0 0 0 0 0 0 0 0 0 0 0 0 0]
data/cone_axis_gt
(24, 3)
float64
[[0. 0. 0.]
 [0. 0. 0.]
 [0. 0. 0.]
 [0. 0. 0.]
 [0. 0. 0.]
 [0. 0. 0.]
 [0. 0. 0.]
 [0. 0. 0.]
 [0. 0. 0.]
 [0. 0. 0.]
 [0. 0. 0.]
 [0. 0. 0.]
 [0. 0. 0.]
 [0. 0. 0.]
 [0. 0. 0.]
 [0. 0. 0.]
 [0. 0. 0.]
 [0. 0. 0.]
 [0. 0. 0.]
 [0. 0. 0.]
 [0. 0. 0.]
 [0. 0. 0.]
 [0. 0. 0.]
 [0. 0. 0.]]
data/cylinder_axis_gt
(24, 3)
float64
[[0. 0. 0.]
 [0. 0. 0.]
 [0. 0. 1.]
 [0. 0. 0.]
 [0. 0. 1.]
 [0. 0. 0.]
 [0. 0. 0.]
 [0. 0. 0.]
 [0. 0. 0.]
 [0. 0. 0.]
 [0. 0. 0.]
 [0. 0. 0.]
 [0. 0. 0.]
 [0. 0. 0.]
 [0. 0. 0.]
 [0. 0. 0.]
 [0. 0. 0.]
 [0. 0. 0.]
 [0. 0. 0.]
 [0. 0. 0.]
 [0. 0. 0.]
 [0. 0. 0.]
 [0. 0. 0.]
 [0. 0. 0.]]
data/normal_gt
(8096, 3)
float64
[[-9.72745e-01 -2.31878e-01  0.00000e+00]
 [-1.00000e+00  6.12303e-17  0.00000e+00]
 [-1.00000e+00  6.12303e-17  0.00000e+00]
 ...
 [ 0.00000e+00  1.00000e+00  0.00000e+00]
 [ 8.91006e-01  4.53991e-01  0.00000e+00]
 [ 0.00000e+00 -1.00000e+00  0.00000e+00]]
data/plane_n_gt
(24, 3)
float64
[[ 0.00000000e+00  1.00000000e+00  0.00000000e+00]
 [ 0.00000000e+00 -1.00000000e+00  0.00000000e+00]
 [ 0.00000000e+00  0.00000000e+00  0.00000000e+00]
 [ 1.00000000e+00  0.00000000e+00  0.00000000e+00]
 [ 0.00000000e+00  0.00000000e+00  0.00000000e+00]
 [-2.61710032e-16  1.00000000e+00  0.00000000e+00]
 [ 0.00000000e+00 -1.00000000e+00  0.00000000e+00]
 [-1.00000000e+00  6.12303177e-17  0.00000000e+00]
 [ 0.00000000e+00  0.00000000e+00  0.00000000e+00]
 [ 0.00000000e+00  0.00000000e+00  0.00000000e+00]
 [ 0.00000000e+00  0.00000000e+00  0.00000000e+00]
 [ 0.00000000e+00  0.00000000e+00  0.00000000e+00]
 [ 0.00000000e+00  0.00000000e+00  0.00000000e+00]
 [ 0.00000000e+00  0.00000000e+00  0.00000000e+00]
 [ 0.00000000e+00  0.00000000e+00  0.00000000e+00]
 [ 0.00000000e+00  0.00000000e+00  0.00000000e+00]
 [ 0.00000000e+00  0.00000000e+00  0.00000000e+00]
 [ 0.00000000e+00  0.00000000e+00  0.00000000e+00]
 [ 0.00000000e+00  0.00000000e+00  0.00000000e+00]
 [ 0.00000000e+00  0.00000000e+00  0.00000000e+00]
 [ 0.00000000e+00  0.00000000e+00  0.00000000e+00]
 [ 0.00000000e+00  0.00000000e+00  0.00000000e+00]
 [ 0.00000000e+00  0.00000000e+00  0.00000000e+00]
 [ 0.00000000e+00  0.00000000e+00  0.00000000e+00]]
instance_per_point
(8096,)
int32
[ 2 18 18 ...  3 16 22]
mask_gt_nulled
(24,)
bool
[ True  True  True  True  True  True  True  True False False False False
 False False False False False False False False False False False False]
matching_indices
(24,)
int32
[ 3 22 23 15  2  8 16 18  0  0  0  0  0  0  0  0  0  0  0  0  0  0  0  0]
null_mask
(24,)
bool
[False  True False False  True  True  True  True False  True False  True
  True  True  True False False  True False  True  True  True False False]
pred_result
<KeysViewHDF5 ['method_name']>
pred_result/instance_per_point
(8096, 24)
float32
[[9.96009000e-33 1.91536690e-24 9.99999881e-01 ... 3.22901428e-10
  8.06227205e-24 7.33695045e-38]
 [0.00000000e+00 0.00000000e+00 1.06986136e-35 ... 1.10958786e-15
  8.91219267e-29 0.00000000e+00]
 [0.00000000e+00 0.00000000e+00 0.00000000e+00 ... 3.00253366e-23
  8.07902957e-37 0.00000000e+00]
 ...
 [5.01529401e-29 6.12083081e-17 6.94184486e-32 ... 1.20745478e-15
  7.29286558e-15 1.10685913e-26]
 [8.95316374e-34 8.93879400e-27 2.50235686e-29 ... 2.77921899e-17
  7.10146343e-29 0.00000000e+00]
 [1.62761205e-30 4.20237831e-36 0.00000000e+00 ... 2.58032768e-18
  1.00000000e+00 0.00000000e+00]]
pred_result/normal_per_point
(8096, 3)
float32
[[ 0.8970654   0.44184706  0.00669392]
 [ 0.9999382  -0.01102981  0.00140927]
 [ 0.9972729   0.07363557  0.004956  ]
 ...
 [-0.02401748  0.99958587  0.01585621]
 [ 0.03925388  0.9992056   0.00688504]
 [ 0.01159416  0.99931896  0.03502991]]
pred_result/parameters
<KeysViewHDF5 []>
pred_result/parameters/cone_apex
(24, 3)
float32
[[ 1.2710631e-01  1.5423337e-01 -6.5984952e-01]
 [ 1.5667457e-03 -3.6426920e-02 -1.0822496e+00]
 [-2.2699136e-02 -1.7360967e-01  3.6070925e-01]
 [-1.7598171e-02  1.8314488e-01  8.7279898e-01]
 [ 4.0849399e-02 -1.5958054e-02  6.6663295e-01]
 [ 4.0488910e-02  1.3541564e-01 -3.6849478e-01]
 [ 6.6478574e-03  7.2144205e-03  7.5799489e-01]
 [-3.1527121e-02 -1.9285841e-01  9.8358566e-01]
 [-7.6060160e-03 -1.8151625e-01  3.2920916e-02]
 [ 5.1946694e-01 -1.1132283e+00  2.5302913e+00]
 [ 1.4073257e-01 -2.1431740e-01  3.5407954e-01]
 [-2.2371810e-02  2.1031734e-01 -5.2132154e-01]
 [ 5.9153253e-01 -1.9230044e-01 -1.1542325e+00]
 [ 1.0614997e-02 -2.1119401e-01 -2.9280308e-01]
 [ 3.2032240e-02 -1.8964493e-01  3.8382593e-01]
 [-2.5198096e-02 -1.1157559e-01 -8.9515269e-02]
 [-4.2490042e-03 -1.9610791e-01 -5.5975562e-01]
 [ 1.4676918e-01 -1.3818939e-01 -4.0047807e-01]
 [-4.5662258e-02 -3.5142910e-02 -6.1419570e-01]
 [ 2.2337159e-02  1.8828619e-01 -7.6124710e-01]
 [ 2.1651985e-02  1.9155511e-01 -8.7596816e-01]
 [ 8.2337782e-02 -2.1027647e-01  5.8731127e-01]
 [ 6.2744031e-03  1.9055000e-01 -1.1651568e-01]
 [-2.3912428e-02  2.0442598e-01 -3.3829564e-01]]
pred_result/parameters/cone_axis
(24, 3)
float32
[[ 0.4957468   0.5392454   0.68077123]
 [ 0.6043968   0.51295125  0.6095784 ]
 [-0.08819824 -0.09704839 -0.99136406]
 [-0.31657618 -0.7142923  -0.6241522 ]
 [-0.66215485 -0.72467613 -0.19077615]
 [-0.15970908 -0.03270568  0.9866221 ]
 [-0.7937712  -0.593648   -0.13232298]
 [-0.9315003  -0.33164316 -0.14939864]
 [ 0.07770802  0.98987657  0.11876771]
 [-0.29469335 -0.6689071  -0.68243605]
 [-0.14238136 -0.12424606 -0.9819829 ]
 [-0.02656401  0.05105549  0.99834245]
 [-0.65227103 -0.7060013  -0.27587056]
 [ 0.7907664   0.5080457   0.3414356 ]
 [ 0.77435315  0.61521864 -0.14793023]
 [ 0.9964564   0.01682055  0.08241253]
 [ 0.2979813   0.9153235   0.27090612]
 [-0.68969613 -0.7026519  -0.17492767]
 [ 0.94383794  0.2535489   0.21185565]
 [ 0.42042425  0.37314865 -0.827045  ]
 [ 0.5648353   0.76456237 -0.31049237]
 [-0.7788169  -0.62657315 -0.02915489]
 [-0.03093051 -0.99891484  0.03481884]
 [ 0.03401952  0.05996498  0.9976206 ]]
pred_result/parameters/cone_half_angle
(24,)
float32
[0.87906927 1.1199434  0.17768149 0.9490079  1.2992473  0.21260035
 1.2113411  1.4224375  1.4527779  1.2684181  0.27589527 0.14602835
 1.0245581  1.2567359  1.4388814  1.494268   1.2985122  1.3311065
 1.3624974  0.5746682  1.2736355  1.4370462  1.5103232  0.18242005]
pred_result/parameters/cylinder_axis
(24, 3)
float32
[[-0.00136808 -0.02250129  0.9997459 ]
 [-0.23759946 -0.81224895  0.5327271 ]
 [-0.00537033  0.00739162  0.9999583 ]
 [-0.01203108 -0.02391852  0.9996414 ]
 [-0.31673998 -0.08736568  0.9444803 ]
 [-0.13878885 -0.0058438   0.9903048 ]
 [ 0.05410071 -0.8625704   0.50303614]
 [-0.2757433  -0.34667212  0.89654016]
 [-0.3200311  -0.01020193  0.9473521 ]
 [ 0.36650908 -0.5056973   0.7809875 ]
 [ 0.0211326  -0.03132337  0.99928594]
 [-0.04477067  0.02840195  0.9985935 ]
 [-0.06057766 -0.65850085  0.7501379 ]
 [-0.06411441 -0.03806444  0.99721646]
 [-0.04958366  0.01025831  0.9987172 ]
 [ 0.00741206  0.9925962  -0.12123461]
 [-0.01134145 -0.01064013  0.99987906]
 [-0.1458433  -0.06630351  0.9870834 ]
 [-0.00630967  0.00283865  0.9999761 ]
 [-0.09462965  0.01372807  0.9954179 ]
 [-0.30646497  0.07199971  0.94915515]
 [-0.23184836 -0.16278225  0.95903504]
 [-0.22833383 -0.02088879  0.9733588 ]
 [ 0.02815141 -0.01968416  0.99940985]]
pred_result/parameters/cylinder_center
(24, 3)
float32
[[ 1.23203225e-01  1.63189396e-02  5.35884523e-04]
 [ 8.00819278e-01 -2.60706156e-01 -4.03284803e-02]
 [-2.50531062e-02 -1.76763609e-01  1.17207575e-03]
 [ 3.47742513e-02  1.92401215e-01  5.02212578e-03]
 [ 2.82487031e-02 -3.11183408e-02  6.59496989e-03]
 [-2.06506755e-02 -4.10542358e-03 -2.91836890e-03]
 [-2.37449870e-01  5.21255434e-02  1.14918485e-01]
 [-9.89715103e-03 -5.34689054e-02 -2.37192400e-02]
 [ 3.47170345e-02 -1.61909267e-01  9.98440199e-03]
 [-3.38961512e-01  4.04352129e-01  4.20893133e-01]
 [ 2.80791104e-01  1.42611554e-02 -5.49105974e-03]
 [ 3.90546471e-02  1.98295098e-02  1.18697539e-03]
 [ 8.75839666e-02 -1.12822026e-01 -9.19667780e-02]
 [-6.70992509e-02 -3.13386805e-02 -5.51025569e-03]
 [-7.29793124e-03 -1.08749913e-02 -2.50620651e-04]
 [-2.85441667e-01  5.43019362e-03  2.70077828e-02]
 [ 3.44666392e-02 -2.04621121e-01 -1.78650988e-03]
 [-9.63618234e-03 -3.55097614e-02 -3.80899361e-03]
 [-6.81283846e-02 -2.98321620e-03 -4.21409379e-04]
 [ 2.99380086e-02  1.21822935e-02  2.67805485e-03]
 [-1.17326535e-01 -8.63318071e-02 -3.13337706e-02]
 [-3.37728411e-02 -3.79482955e-02 -1.46058146e-02]
 [ 3.36584412e-02  1.86422870e-01  1.18964436e-02]
 [-1.96611676e-02  1.64411470e-01  3.79202887e-03]]
pred_result/parameters/cylinder_radius_squared
(24,)
float32
[3.13552618e-02 1.40551507e+00 3.71218135e-04 2.94031203e-03
 7.17992112e-02 4.00129184e-02 4.44799721e-01 1.23705044e-01
 3.69969048e-02 4.56623249e-02 7.12857395e-02 3.10144052e-02
 4.19924259e-01 2.18556542e-02 2.78955363e-02 4.05984372e-01
 2.36891233e-03 4.37322482e-02 1.39169777e-02 3.69965546e-02
 1.26285553e-01 6.03458732e-02 1.60844345e-02 7.32406916e-04]
pred_result/parameters/plane_c
(24,)
float32
[-1.13839351e-01  1.16983168e-02 -6.74548000e-02  1.96988523e-01
 -3.46624404e-02  7.55419768e-03 -7.26886317e-02 -6.74034208e-02
 -1.78241685e-01  9.94817972e-01 -1.14406444e-01  9.05117253e-04
 -6.86288998e-02 -3.27176079e-02 -2.90612113e-02  2.57885866e-02
  2.00731933e-01  6.58180984e-03  4.78031598e-02 -1.77363064e-02
 -1.65321752e-01 -2.64716074e-02 -1.78920075e-01 -1.20001644e-01]
pred_result/parameters/plane_n
(24, 3)
float32
[[-9.9998355e-01 -5.2965684e-03 -2.1839282e-03]
 [-9.9646318e-01 -8.2461119e-02  1.6166061e-02]
 [ 9.5439625e-01  2.9854256e-01 -4.2612877e-04]
 [ 4.3120265e-02  9.9906808e-01  1.9300918e-03]
 [ 9.5077443e-01  3.0642417e-01  4.6171509e-02]
 [ 9.8767859e-01  1.5283869e-01  3.3632059e-02]
 [ 2.8444761e-01  9.5303631e-01  1.0397712e-01]
 [ 9.8003292e-01  1.9871503e-01  6.9166948e-03]
 [ 7.6685324e-02  9.9705517e-01  7.8220468e-04]
 [ 2.3645407e-01 -3.6293842e-02  9.7096467e-01]
 [-9.9975264e-01  2.2176446e-02 -1.6931806e-03]
 [-9.9633652e-01 -8.1151336e-02 -2.6983391e-02]
 [ 9.2567968e-01  3.7829506e-01  3.1537875e-03]
 [ 9.9915940e-01  4.0723238e-02  4.6798242e-03]
 [ 9.9817097e-01  5.8582850e-02  1.4926185e-02]
 [-9.9989492e-01 -1.4482809e-02 -6.3401315e-04]
 [ 3.4602042e-02 -9.9940109e-01 -5.2752218e-04]
 [ 9.8091888e-01  1.9134711e-01  3.4414530e-02]
 [-9.9997604e-01 -6.8408567e-03 -1.0284545e-03]
 [ 9.3674058e-01 -3.4864500e-01  3.1042308e-02]
 [ 6.3673936e-02 -9.9792546e-01 -9.5079113e-03]
 [ 9.9452829e-01  1.0250356e-01  2.0164283e-02]
 [ 4.4766352e-02 -9.9899745e-01  5.3560169e-04]
 [ 7.5815761e-01 -6.5207064e-01  8.7886309e-04]]
pred_result/parameters/sphere_center
(24, 3)
float32
[[ 1.79134703e+00 -2.85034388e-01 -2.57561449e-02]
 [ 1.69079173e-02 -8.51137862e-02 -1.52939362e-02]
 [-7.63550520e-01  2.74368376e-01 -1.02079893e-02]
 [-1.56595204e-02 -5.49776316e-01  2.62632091e-02]
 [-1.32492065e-01 -5.14887154e-01  1.59626722e-01]
 [ 3.56414080e-01 -5.65812469e-01 -9.59964097e-02]
 [-1.79872155e-01 -4.05911326e-01  1.73846856e-01]
 [ 2.36483514e-02 -2.81918645e-01  2.01303139e-01]
 [-3.18679392e-01 -1.90048695e-01 -3.23634185e-02]
 [-1.90986395e-01  4.86639608e-03  7.12883174e-01]
 [ 1.37360132e+00  4.80274498e-01  1.09698072e-01]
 [ 5.74657261e-01 -5.58275759e-01 -4.27051244e-04]
 [-1.14557005e-01 -4.25316006e-01 -8.81898776e-03]
 [-4.70440006e+00  4.33836848e-01  1.70492698e-02]
 [-4.12911147e-01 -1.02219142e-01  4.44192588e-02]
 [-9.71923947e-01 -2.69671649e-01  2.86591351e-02]
 [-1.14243716e-01 -6.07458413e-01  1.20637929e-02]
 [ 3.77986014e-01 -6.05012059e-01 -1.02873016e-02]
 [-1.13203675e-01  5.30685596e-02 -2.51572859e-02]
 [ 4.86148208e-01 -4.30391043e-01 -1.61431745e-01]
 [ 5.77921987e-01 -1.51881650e-01 -1.94023684e-01]
 [ 5.53882778e-01 -2.52159536e-01  1.58115879e-01]
 [-4.23814565e-01  3.49596947e-01 -4.59325276e-02]
 [ 3.99312228e-01 -8.57204378e-01 -1.57760328e-03]]
pred_result/parameters/sphere_radius_squared
(24,)
float32
[ 3.4040995   0.9708994   1.0536584   0.90252453  0.8224613   1.2203126
  0.7472981   0.6390647   0.48656034  0.19638509  2.3065434   1.3543434
  1.0274198  22.693443    0.8261183   1.3231579   0.53346306  1.1296813
  0.34506345  1.0755186   0.96626264  1.0003854   0.56038654  1.6031845 ]
pred_result/type_per_point
(8096,)
int64
[2 1 1 ... 1 1 1]
residue_gt_primitive
(24, 512)
float32
[[0.00937541 0.00863741 0.00278956 ... 0.00823484 0.00614423 0.00712524]
 [0.00773299 0.00856307 0.00532435 ... 0.00712536 0.00852141 0.00469014]
 [0.00260383 0.02133188 0.00257217 ... 0.02069017 0.01137544 0.01176643]
 ...
 [0.11383935 0.11383935 0.11383935 ... 0.11383935 0.11383935 0.11383935]
 [0.11383935 0.11383935 0.11383935 ... 0.11383935 0.11383935 0.11383935]
 [0.11383935 0.11383935 0.11383935 ... 0.11383935 0.11383935 0.11383935]]
residue_to_closest
(8096,)
float32
[0.0001649  0.00608162 0.00117325 ... 0.00399376 0.00183448 0.01584744]
type_per_instance
(24,)
int32
[1 0 2 1 0 0 0 0 1 0 1 0 0 0 0 1 1 0 1 0 0 0 1 2]
